1 5	3 5 4 8 50
2 3	1 3 8
3 4	1 2 5 4
4 3	1 3 5
5 4	1 3 4 6
6 3	5 8 7
7 2	6 8
8 5	1 2 6 7 9
9 3	8 10 13
10 2	9 11
11 3	10 14 12
12 1	11
13 2	9 14
14 3	11 13 15
15 3	14 20 16
16 3	15 17 18
17 3	16 20 21
18 2	16 19 22
19 2	18 24 25
20 3	15 17 21
21 4	17 20 22 30
22 3	18 21 24
23 1	24
24 3	19 22 23
25 2	19 27
26 1	27
27 4	25 26 28 29
28 2	27 29
29 3	27 28 30
30 4	21 29 31 32
31 4	30 32 33 34
32 2	30 31
33 3	31 34 35
34 2	31 33
35 3	33 36 37
36 4	35 37 38 39
37 3	35 36 38
38 4	36 37 39 40
39 3	36 38 41
40 4	38 41 42 43
41 2	39 40
42 3	40 44 45
43 2	40 44
44 4	42 43 45 46
45 3	44 46 47
46 2	44 45
47 3	45 48 49
48 2	47 49
49 3	47 48 50
50 2	49 1